VisualSceneNode[0]
1.000000, 0.000000, 0.000000, 0.000000
0.000000, 1.000000, 0.000000, 0.000000
0.000000, 0.000000, 1.000000, 0.000000
0.000000, 0.000000, 0.000000, 1.000000
group1[1]
1.000000, 0.000000, 0.000000, 0.000000
0.000000, 1.000000, 0.000000, 0.000000
0.000000, 0.000000, 1.000000, 0.000000
0.000000, 0.000000, 0.000000, 1.000000
root[2]
1.000000, 0.000000, 0.000000, 0.000000
0.000000, 1.000000, 0.000000, 0.000000
0.000000, 0.000000, 1.000000, 0.000000
0.000000, 0.000000, 0.000000, 1.000000
l_hip[3]
0.740952, -0.670146, -0.043522, 0.000000
0.671134, 0.736623, 0.083465, 0.000000
-0.023874, -0.091053, 0.995560, 0.000000
-2.861704, 1.402229, -0.351804, 1.000000
l_knee[4]
0.740952, -0.670146, -0.043522, 0.000000
0.671134, 0.736623, 0.083465, 0.000000
-0.023874, -0.091053, 0.995560, 0.000000
-2.861705, 1.402229, -0.351804, 1.000000
l_ankle[5]
0.701907, -0.679793, -0.212622, 0.000000
0.711297, 0.653405, 0.259072, 0.000000
-0.037187, -0.333082, 0.942164, 0.000000
-2.817002, 1.506377, -0.159864, 1.000000
l_null_toe[6]
0.701907, -0.679793, -0.212622, 0.000000
0.711297, 0.653405, 0.259072, 0.000000
-0.037187, -0.333082, 0.942164, -0.000000
-2.817003, 1.506376, -0.159864, 1.000000
pelvis[7]
1.000000, -0.000000, 0.000000, -0.000000
0.000000, 0.983262, -0.182196, 0.000000
-0.000000, 0.182196, 0.983262, 0.000000
-0.000002, 0.238714, 0.848401, 1.000000
spine[8]
1.000000, 0.000000, 0.000000, 0.000000
-0.000000, 0.998405, 0.056454, 0.000000
0.000000, -0.056454, 0.998405, 0.000000
0.000001, 0.005035, -0.590936, 1.000000
l_humerus[9]
0.950763, -0.138460, -0.277272, 0.000000
-0.040873, 0.830821, -0.555037, 0.000000
0.307213, 0.539041, 0.784255, 0.000000
0.542568, 1.697455, 3.671742, 1.000000
l_ulna[10]
0.184825, 0.271191, -0.944614, 0.000000
-0.890620, 0.452584, -0.044327, 0.000000
0.415496, 0.849484, 0.325177, 0.000000
8.092698, 3.405759, 1.616580, 1.000000
l_wrist[11]
0.184825, 0.271191, -0.944614, 0.000000
-0.890620, 0.452584, -0.044327, 0.000000
0.415496, 0.849484, 0.325177, 0.000000
8.092697, 3.405759, 1.616581, 1.000000
r_humerus[12]
0.926911, 0.163027, 0.338021, 0.000000
-0.339413, 0.748455, 0.569749, 0.000000
-0.160109, -0.642835, 0.749084, 0.000000
2.211845, 1.400559, -4.180686, 1.000000
r_ulna[13]
-0.465685, -0.131672, 0.875100, 0.000000
0.100735, 0.974554, 0.200243, 0.000000
-0.879198, 0.181403, -0.440571, 0.000000
-4.482350, -0.665773, -0.622802, 1.000000
r_wrist[14]
-0.465685, -0.131673, 0.875100, 0.000000
0.100735, 0.974554, 0.200243, 0.000000
-0.879198, 0.181404, -0.440571, 0.000000
-4.482350, -0.665775, -0.622802, 1.000000
neck[15]
1.000000, 0.000002, -0.000001, 0.000000
-0.000001, 0.677116, 0.735876, 0.000000
0.000002, -0.735876, 0.677116, 0.000000
0.000007, 1.893822, -6.041809, 1.000000
null_head[16]
1.000000, 0.000002, -0.000001, 0.000000
-0.000001, 0.677116, 0.735876, 0.000000
0.000002, -0.735876, 0.677116, 0.000000
0.000008, 1.893823, -6.041810, 1.000000
r_hip[17]
0.756272, 0.654223, 0.006759, 0.000000
-0.653637, 0.755064, 0.051350, 0.000000
0.028491, -0.043252, 0.998658, 0.000000
2.794518, 1.346160, -0.224505, 1.000000
r_knee[18]
0.650143, 0.142589, -0.746312, 0.000000
-0.728060, 0.397892, -0.558222, 0.000000
0.217355, 0.906284, 0.362500, 0.000000
2.933192, 2.028840, 0.043374, 1.000000
r_ankle[19]
0.625680, -0.375974, -0.683498, 0.000000
-0.699919, 0.116306, -0.704689, 0.000000
0.344439, 0.919302, -0.190381, 0.000000
3.099973, 1.698888, -0.711540, 1.000000
r_null_toe[20]
0.625680, -0.375974, -0.683498, 0.000000
-0.699919, 0.116306, -0.704689, 0.000000
0.344439, 0.919302, -0.190381, 0.000000
3.099973, 1.698889, -0.711541, 1.000000
loftedSurface2[21]
0.322977, -0.000000, 3.044324, 0.000000
0.000000, 6.308432, 0.000000, 0.000000
-3.105569, -0.000000, 0.359088, 0.000000
2.770980, 0.764631, 1.391452, 1.000000
loftedSurface3[22]
-0.254101, 0.134439, -2.651037, 0.000000
0.473473, 6.234794, -0.192639, 0.000000
2.340885, -0.931126, -0.539726, 0.000000
2.062446, 0.557652, 1.147771, 1.000000
loftedSurface4[23]
6.264358, 0.651109, -0.387390, 0.000000
-0.620158, 6.249979, 0.692074, 0.000000
0.372872, -0.521933, 7.343389, 0.000000
4.714123, 1.107771, 1.847911, 1.000000
loftedSurface5[24]
7.530031, 0.434619, -1.336577, 0.000000
-0.688062, 6.235885, -1.337656, 0.000000
0.907423, 0.837045, 9.385200, 0.000000
5.447466, -0.065034, 2.259927, 1.000000
loftedSurface6[25]
6.039501, -0.825311, 0.000000, 0.000000
1.717716, 3.819854, 0.000000, 0.000000
0.000000, 0.000000, 7.388526, 0.000000
-0.083075, 0.109926, 2.003746, 1.000000
loftedSurface7[26]
-1.252188, 0.399919, 1.449795, 0.000000
0.558367, 5.145241, 0.520782, 0.000000
-1.256374, 1.100928, -1.497852, 0.000000
7.828723, 0.506546, 1.530455, 1.000000
girl[27]
1.000000, 0.000000, 0.000000, 0.000000
0.000000, 1.000000, 0.000000, 0.000000
0.000000, 0.000000, 1.000000, 0.000000
0.000000, 0.000000, 0.000000, 1.000000
island16_loftedSurface2[28]
0.322977, -0.000000, 3.044324, 0.000000
0.000000, 6.308432, 0.000000, 0.000000
-3.105569, -0.000000, 0.359088, 0.000000
2.770980, 0.764631, 1.391452, 1.000000
island16_loftedSurface3[29]
-0.254101, 0.134439, -2.651037, 0.000000
0.473473, 6.234794, -0.192639, 0.000000
2.340885, -0.931126, -0.539726, 0.000000
2.062446, 0.557652, 1.147771, 1.000000
island16_loftedSurface4[30]
6.264358, 0.651109, -0.387390, 0.000000
-0.620158, 6.249979, 0.692074, 0.000000
0.372872, -0.521933, 7.343389, 0.000000
4.714123, 1.107771, 1.847911, 1.000000
island16_loftedSurface5[31]
7.530031, 0.434619, -1.336577, 0.000000
-0.688062, 6.235885, -1.337656, 0.000000
0.907423, 0.837045, 9.385200, 0.000000
5.447466, -0.065034, 2.259927, 1.000000
island16_loftedSurface6[32]
6.039501, -0.825311, 0.000000, 0.000000
1.717716, 3.819854, 0.000000, 0.000000
0.000000, 0.000000, 7.388526, 0.000000
-0.083075, 0.109926, 2.003746, 1.000000
island16_loftedSurface7[33]
-1.252188, 0.399919, 1.449795, 0.000000
0.558367, 5.145241, 0.520782, 0.000000
-1.256374, 1.100928, -1.497852, 0.000000
7.828723, 0.506546, 1.530455, 1.000000
girl1[34]
1.000000, 0.000000, 0.000000, 0.000000
0.000000, 1.000000, 0.000000, 0.000000
0.000000, 0.000000, 1.000000, 0.000000
0.000000, 0.000000, 0.000000, 1.000000
polySurface5[35]
4.000000, -0.000000, 0.000000, 0.000000
0.000000, 0.999997, 1.500000, 0.000000
0.000000, -1.500000, 0.999997, 0.000000
6.367110, -8.988530, 0.273745, 1.000000
polySurface66[36]
-1.500000, 0.000001, -0.000000, 0.000000
0.000000, -0.000007, 1.500000, 0.000000
0.000000, -4.000000, -0.000003, 0.000000
5.305925, -24.240665, -5.740795, 1.000000
gog_polySurface5[37]
4.000000, -0.000000, 0.000000, 0.000000
0.000000, 0.999997, 1.500000, 0.000000
0.000000, -1.500000, 0.999997, 0.000000
6.367110, -8.988530, 0.273745, 1.000000
gog_polySurface6[38]
-1.500000, 0.000001, -0.000000, 0.000000
0.000000, -0.000007, 1.500000, 0.000000
0.000000, -4.000000, -0.000003, 0.000000
5.305925, -24.240665, -5.740795, 1.000000
boy[39]
1.000000, 0.000000, 0.000000, 0.000000
0.000000, 1.000000, 0.000000, 0.000000
0.000000, 0.000000, 1.000000, 0.000000
0.000000, 0.000000, 0.000000, 1.000000
astroboy_w_skel02c_loftedSurfac[40]
0.322977, -0.000000, 3.044324, 0.000000
0.000000, 6.308432, 0.000000, 0.000000
-3.105569, -0.000000, 0.359088, 0.000000
2.770980, 0.764631, 1.391452, 1.000000
astroboy_w_skel02c_loftedSurfac[41]
-0.254101, 0.134439, -2.651037, 0.000000
0.473473, 6.234794, -0.192639, 0.000000
2.340885, -0.931126, -0.539726, 0.000000
2.062446, 0.557652, 1.147771, 1.000000
astroboy_w_skel02c_loftedSurfac[42]
6.264358, 0.651109, -0.387390, 0.000000
-0.620158, 6.249979, 0.692074, 0.000000
0.372872, -0.521933, 7.343389, 0.000000
4.714123, 1.107771, 1.847911, 1.000000
astroboy_w_skel02c_loftedSurfac[43]
7.530031, 0.434619, -1.336577, 0.000000
-0.688062, 6.235885, -1.337656, 0.000000
0.907423, 0.837045, 9.385200, 0.000000
5.447466, -0.065034, 2.259927, 1.000000
astroboy_w_skel02c_loftedSurfac[44]
6.039501, -0.825311, 0.000000, 0.000000
1.717716, 3.819854, 0.000000, 0.000000
0.000000, 0.000000, 7.388526, 0.000000
-0.083075, 0.109926, 2.003746, 1.000000
astroboy_w_skel02c_loftedSurfac[45]
-1.252188, 0.399919, 1.449795, 0.000000
0.558367, 5.145241, 0.520782, 0.000000
-1.256374, 1.100928, -1.497852, 0.000000
7.828723, 0.506546, 1.530455, 1.000000
astroboy_w_skel02c_girl[46]
1.000000, 0.000000, 0.000000, 0.000000
0.000000, 1.000000, 0.000000, 0.000000
0.000000, 0.000000, 1.000000, 0.000000
0.000000, 0.000000, 0.000000, 1.000000
astroboy_w_skel02c_island16_lof[47]
0.322977, -0.000000, 3.044324, 0.000000
0.000000, 6.308432, 0.000000, 0.000000
-3.105569, -0.000000, 0.359088, 0.000000
2.770980, 0.764631, 1.391452, 1.000000
astroboy_w_skel02c_island16_lof[48]
-0.254101, 0.134439, -2.651037, 0.000000
0.473473, 6.234794, -0.192639, 0.000000
2.340885, -0.931126, -0.539726, 0.000000
2.062446, 0.557652, 1.147771, 1.000000
astroboy_w_skel02c_island16_lof[49]
6.264358, 0.651109, -0.387390, 0.000000
-0.620158, 6.249979, 0.692074, 0.000000
0.372872, -0.521933, 7.343389, 0.000000
4.714123, 1.107771, 1.847911, 1.000000
astroboy_w_skel02c_island16_lof[50]
7.530031, 0.434619, -1.336577, 0.000000
-0.688062, 6.235885, -1.337656, 0.000000
0.907423, 0.837045, 9.385200, 0.000000
5.447466, -0.065034, 2.259927, 1.000000
astroboy_w_skel02c_island16_lof[51]
6.039501, -0.825311, 0.000000, 0.000000
1.717716, 3.819854, 0.000000, 0.000000
0.000000, 0.000000, 7.388526, 0.000000
-0.083075, 0.109926, 2.003746, 1.000000
astroboy_w_skel02c_island16_lof[52]
-1.252188, 0.399919, 1.449795, 0.000000
0.558367, 5.145241, 0.520782, 0.000000
-1.256374, 1.100928, -1.497852, 0.000000
7.828723, 0.506546, 1.530455, 1.000000
astroboy_w_skel02c_girl1[53]
1.000000, 0.000000, 0.000000, 0.000000
0.000000, 1.000000, 0.000000, 0.000000
0.000000, 0.000000, 1.000000, 0.000000
0.000000, 0.000000, 0.000000, 1.000000
astroboy_w_skel02c_polySurface5[54]
4.000000, -0.000000, 0.000000, 0.000000
0.000000, 0.999997, 1.500000, 0.000000
0.000000, -1.500000, 0.999997, 0.000000
6.367110, -8.988530, 0.273745, 1.000000
astroboy_w_skel02c_polySurface6[55]
-1.500000, 0.000001, -0.000000, 0.000000
0.000000, -0.000007, 1.500000, 0.000000
0.000000, -4.000000, -0.000003, 0.000000
5.305925, -24.240665, -5.740795, 1.000000
astroboy_w_skel02c_gog_polySurf[56]
4.000000, -0.000000, 0.000000, 0.000000
0.000000, 0.999997, 1.500000, 0.000000
0.000000, -1.500000, 0.999997, 0.000000
6.367110, -8.988530, 0.273745, 1.000000
astroboy_w_skel02c_gog_polySurf[57]
-1.500000, 0.000001, -0.000000, 0.000000
0.000000, -0.000007, 1.500000, 0.000000
0.000000, -4.000000, -0.000003, 0.000000
5.305925, -24.240665, -5.740795, 1.000000
astroboy_w_skel02_loftedSurface[58]
0.322977, -0.000000, 3.044324, 0.000000
0.000000, 6.308432, 0.000000, 0.000000
-3.105569, -0.000000, 0.359088, 0.000000
2.770980, 0.764631, 1.391452, 1.000000
astroboy_w_skel02_loftedSurface[59]
-0.254101, 0.134439, -2.651037, 0.000000
0.473473, 6.234794, -0.192639, 0.000000
2.340885, -0.931126, -0.539726, 0.000000
2.062446, 0.557652, 1.147771, 1.000000
astroboy_w_skel02_loftedSurface[60]
6.264358, 0.651109, -0.387390, 0.000000
-0.620158, 6.249979, 0.692074, 0.000000
0.372872, -0.521933, 7.343389, 0.000000
4.714123, 1.107771, 1.847911, 1.000000
astroboy_w_skel02_loftedSurface[61]
7.530031, 0.434619, -1.336577, 0.000000
-0.688062, 6.235885, -1.337656, 0.000000
0.907423, 0.837045, 9.385200, 0.000000
5.447466, -0.065034, 2.259927, 1.000000
astroboy_w_skel02_loftedSurface[62]
6.039501, -0.825311, 0.000000, 0.000000
1.717716, 3.819854, 0.000000, 0.000000
0.000000, 0.000000, 7.388526, 0.000000
-0.083075, 0.109926, 2.003746, 1.000000
astroboy_w_skel02_loftedSurface[63]
-1.252188, 0.399919, 1.449795, 0.000000
0.558367, 5.145241, 0.520782, 0.000000
-1.256374, 1.100928, -1.497852, 0.000000
7.828723, 0.506546, 1.530455, 1.000000
astroboy_w_skel02_girl[64]
1.000000, 0.000000, 0.000000, 0.000000
0.000000, 1.000000, 0.000000, 0.000000
0.000000, 0.000000, 1.000000, 0.000000
0.000000, 0.000000, 0.000000, 1.000000
astroboy_w_skel02_island16_loft[65]
0.322977, -0.000000, 3.044324, 0.000000
0.000000, 6.308432, 0.000000, 0.000000
-3.105569, -0.000000, 0.359088, 0.000000
2.770980, 0.764631, 1.391452, 1.000000
astroboy_w_skel02_island16_loft[66]
-0.254101, 0.134439, -2.651037, 0.000000
0.473473, 6.234794, -0.192639, 0.000000
2.340885, -0.931126, -0.539726, 0.000000
2.062446, 0.557652, 1.147771, 1.000000
astroboy_w_skel02_island16_loft[67]
6.264358, 0.651109, -0.387390, 0.000000
-0.620158, 6.249979, 0.692074, 0.000000
0.372872, -0.521933, 7.343389, 0.000000
4.714123, 1.107771, 1.847911, 1.000000
astroboy_w_skel02_island16_loft[68]
7.530031, 0.434619, -1.336577, 0.000000
-0.688062, 6.235885, -1.337656, 0.000000
0.907423, 0.837045, 9.385200, 0.000000
5.447466, -0.065034, 2.259927, 1.000000
astroboy_w_skel02_island16_loft[69]
6.039501, -0.825311, 0.000000, 0.000000
1.717716, 3.819854, 0.000000, 0.000000
0.000000, 0.000000, 7.388526, 0.000000
-0.083075, 0.109926, 2.003746, 1.000000
astroboy_w_skel02_island16_loft[70]
-1.252188, 0.399919, 1.449795, 0.000000
0.558367, 5.145241, 0.520782, 0.000000
-1.256374, 1.100928, -1.497852, 0.000000
7.828723, 0.506546, 1.530455, 1.000000
astroboy_w_skel02_girl1[71]
1.000000, 0.000000, 0.000000, 0.000000
0.000000, 1.000000, 0.000000, 0.000000
0.000000, 0.000000, 1.000000, 0.000000
0.000000, 0.000000, 0.000000, 1.000000
astroboy_w_skel02_polySurface5[72]
4.000000, -0.000000, 0.000000, 0.000000
0.000000, 0.999997, 1.500000, 0.000000
0.000000, -1.500000, 0.999997, 0.000000
6.367110, -8.988530, 0.273745, 1.000000
astroboy_w_skel02_polySurface66[73]
-1.500000, 0.000001, -0.000000, 0.000000
0.000000, -0.000007, 1.500000, 0.000000
0.000000, -4.000000, -0.000003, 0.000000
5.305925, -24.240665, -5.740795, 1.000000
astroboy_w_skel02_gog_polySurfa[74]
4.000000, -0.000000, 0.000000, 0.000000
0.000000, 0.999997, 1.500000, 0.000000
0.000000, -1.500000, 0.999997, 0.000000
6.367110, -8.988530, 0.273745, 1.000000
astroboy_w_skel02_gog_polySurfa[75]
-1.500000, 0.000001, -0.000000, 0.000000
0.000000, -0.000007, 1.500000, 0.000000
0.000000, -4.000000, -0.000003, 0.000000
5.305925, -24.240665, -5.740795, 1.000000
pointLight1[76]
1.000000, 0.000000, 0.000000, 0.000000
0.000000, 1.000000, 0.000000, 0.000000
0.000000, 0.000000, 1.000000, 0.000000
-0.000000, 0.000000, 0.000000, 1.000000
ambientLight1[77]
1.000000, 0.000000, 0.000000, 0.000000
0.000000, 1.000000, 0.000000, 0.000000
0.000000, 0.000000, 1.000000, 0.000000
0.000000, 0.000000, 0.000000, 1.000000
