root[0]
1.000000, 0.000000, 0.000000, 0.000000
0.000000, 1.000000, 0.000000, 0.000000
0.000000, 0.000000, 1.000000, 0.000000
0.000000, 0.000000, 0.000000, 1.000000
l_hip[1]
1.000000, -0.000002, 0.000000, 0.000000
0.000002, 1.000000, -0.000000, 0.000000
0.000000, 0.000000, 1.000000, 0.000000
-0.000009, 0.000007, -0.000002, 1.000000
l_knee[2]
1.000000, -0.000001, -0.000008, 0.000000
0.000001, 1.000000, -0.000001, 0.000000
0.000008, 0.000001, 1.000000, 0.000000
-0.000003, 0.000009, 0.000006, 1.000000
l_ankle[3]
1.000000, -0.000006, -0.000010, 0.000000
0.000006, 1.000000, -0.000004, 0.000000
0.000009, 0.000004, 1.000000, 0.000000
-0.000006, 0.000020, 0.000010, 1.000000
l_null_toe[4]
1.000000, -0.000005, -0.000009, 0.000000
0.000006, 1.000000, -0.000004, 0.000000
0.000009, 0.000004, 1.000000, 0.000000
-0.000004, 0.000019, 0.000010, 1.000000
pelvis[5]
1.000000, 0.000002, 0.000002, 0.000000
-0.000002, 1.000000, -0.000000, 0.000000
-0.000002, 0.000000, 1.000000, 0.000000
0.000007, 0.000005, -0.000003, 1.000000
spine[6]
1.000000, 0.000002, 0.000002, 0.000000
-0.000002, 1.000000, -0.000001, 0.000000
-0.000002, 0.000001, 1.000000, 0.000000
0.000007, -0.000002, 0.000004, 1.000000
l_humerus[7]
1.000000, 0.000004, 0.000002, 0.000000
-0.000005, 1.000000, 0.000004, 0.000000
-0.000002, -0.000003, 1.000000, 0.000000
0.000023, 0.000000, -0.000027, 1.000000
l_ulna[8]
1.000000, 0.000004, 0.000002, 0.000000
-0.000004, 1.000000, 0.000004, 0.000000
-0.000002, -0.000004, 1.000000, 0.000000
0.000018, -0.000002, -0.000031, 1.000000
l_wrist[9]
1.000000, 0.000004, 0.000002, 0.000000
-0.000004, 1.000000, 0.000004, 0.000000
-0.000002, -0.000004, 1.000001, 0.000000
0.000015, -0.000009, -0.000032, 1.000000
r_humerus[10]
1.000000, -0.000000, 0.000002, 0.000000
-0.000000, 1.000001, -0.000002, 0.000000
-0.000002, 0.000001, 1.000000, 0.000000
-0.000008, -0.000001, 0.000004, 1.000000
r_ulna[11]
1.000000, -0.000001, 0.000002, 0.000000
0.000000, 1.000000, -0.000002, 0.000000
-0.000002, 0.000001, 1.000000, 0.000000
-0.000005, 0.000004, 0.000008, 1.000000
r_wrist[12]
1.000000, -0.000000, 0.000002, 0.000000
0.000000, 1.000000, -0.000002, 0.000000
-0.000002, 0.000002, 1.000000, 0.000000
-0.000012, 0.000001, 0.000010, 1.000000
neck[13]
1.000001, 0.000002, 0.000002, 0.000000
-0.000002, 1.000000, -0.000000, 0.000000
-0.000002, 0.000000, 1.000000, 0.000000
0.000007, 0.000008, 0.000001, 1.000000
null_head[14]
1.000000, 0.000000, 0.000001, 0.000000
-0.000000, 1.000000, -0.000003, 0.000000
-0.000001, 0.000003, 1.000000, 0.000000
-0.000010, 0.000010, 0.000023, 1.000000
r_hip[15]
1.000000, 0.000002, -0.000002, 0.000000
-0.000002, 1.000001, -0.000000, 0.000000
0.000001, 0.000000, 1.000000, 0.000000
0.000014, 0.000008, -0.000004, 1.000000
r_knee[16]
1.000000, 0.000002, -0.000001, 0.000000
-0.000002, 1.000000, 0.000001, 0.000000
0.000001, -0.000000, 1.000000, 0.000000
0.000005, -0.000001, -0.000004, 1.000000
r_ankle[17]
1.000000, 0.000001, -0.000002, 0.000000
-0.000001, 1.000000, 0.000000, 0.000000
0.000002, 0.000000, 1.000000, 0.000000
0.000009, 0.000003, -0.000004, 1.000000
r_null_toe[18]
1.000000, 0.000001, 0.000001, 0.000000
-0.000001, 1.000000, 0.000000, 0.000000
-0.000000, 0.000000, 1.000000, 0.000000
0.000015, 0.000002, 0.000003, 1.000000
